[gd_scene load_steps=7 format=2]

[ext_resource path="res://levels/demo level/Messenger.tscn" type="PackedScene" id=1]
[ext_resource path="res://levels/level 01/Vehicle.tscn" type="PackedScene" id=2]
[ext_resource path="res://levels/level 01/terrain/ship.tscn" type="PackedScene" id=3]

[sub_resource type="SphereMesh" id=1]

[sub_resource type="PlaneMesh" id=2]

[sub_resource type="Environment" id=3]
background_mode = 1
background_color = Color( 0.0271442, 0.0344762, 0.214844, 1 )
ambient_light_color = Color( 0.425781, 0.425781, 0.425781, 1 )
fog_enabled = true
fog_color = Color( 0, 0.259766, 0.519531, 1 )
fog_depth_begin = 100.0
fog_depth_curve = 4.0
auto_exposure_enabled = true
glow_enabled = true
adjustment_enabled = true
adjustment_brightness = 0.7
adjustment_contrast = 1.1

[node name="Level 1" type="Spatial"]

[node name="Messenger" parent="." instance=ExtResource( 1 )]

[node name="TestSphere" type="MeshInstance" parent="."]
transform = Transform( -4.37114e-008, 0, 1, 0, 1, 0, -1, 0, -4.37114e-008, 0, 0, 0 )
mesh = SubResource( 1 )
material/0 = null

[node name="Position3D" type="Position3D" parent="."]
transform = Transform( 1, 0, 0, 0, 1, 0, 0, 0, 1, 0, 0, 16.4188 )

[node name="floor" type="MeshInstance" parent="."]
transform = Transform( 6.12061, 0, 0, 0, 1, 0, 0, 0, 6.12061, 0, 0, 0 )
visible = false
mesh = SubResource( 2 )
material/0 = null

[node name="vehicles" type="Node" parent="."]

[node name="vehicle1" parent="vehicles" instance=ExtResource( 2 )]
transform = Transform( 1, 0, 0, 0, 1, 0, 0, 0, 1, -3, 34.2517, 8 )

[node name="vehicle2" parent="vehicles" instance=ExtResource( 2 )]
transform = Transform( 1, 0, 0, 0, 1, 0, 0, 0, 1, 3, 34.2517, 8 )

[node name="Ship" parent="." instance=ExtResource( 3 )]
editor/display_folded = true
transform = Transform( -1.09278e-006, 0, 25, 0, 25, 0, -25, 0, -1.09278e-006, -24.7094, -47.4327, -280.337 )

[node name="DirectionalLight" type="DirectionalLight" parent="."]
transform = Transform( 0.701994, 0.102368, -0.704787, 0.712183, -0.100903, 0.694704, 0, -0.989616, -0.143738, -7.31915, 171.598, -499.19 )

[node name="OmniLight" type="OmniLight" parent="."]
transform = Transform( 1, 0, 0, 0, 0.97989, -0.199538, 0, 0.199538, 0.97989, 25.2534, 80.1012, -41.316 )
omni_range = 153.575

[node name="OmniLight2" type="OmniLight" parent="."]
transform = Transform( 1, 0, 0, 0, 0.97989, -0.199538, 0, 0.199538, 0.97989, 25.2534, 116.807, -252.021 )
omni_range = 200.301

[node name="OmniLight4" type="OmniLight" parent="."]
transform = Transform( 1, 0, 0, 0, 0.97989, -0.199538, 0, 0.199538, 0.97989, -7.31915, 40.7381, -777.328 )
omni_range = 200.301

[node name="GIProbe" type="GIProbe" parent="."]
transform = Transform( 1, 0, 0, 0, 0.97989, -0.199538, 0, 0.199538, 0.97989, 25.2534, 80.1012, -41.316 )
extents = Vector3( 61.4408, 57.4076, 79.4606 )

[node name="WorldEnvironment" type="WorldEnvironment" parent="."]
environment = SubResource( 3 )


[editable path="Ship"]
